Step           Dihedral between  Total energy   E(Int)         E(Dist)        E(Dist)        E(Dist)        E(SCF)              E(SCF)              E(SCF)              
               1-2-3-4                                         Total          frag1          frag2          complex             frag1               frag2               
               degree            kcal/mol       kcal/mol       kcal/mol       kcal/mol       kcal/mol       hartree             hartree             hartree             
------------------------------------------------------------------------------------------------------------------------------------------------------------------------
0001            0.000            -97922.00360   -121.14857     -97800.85503   -48900.42733   -48900.42770   -156.048763611      -77.927850165       -77.927850763       
0002           10.000            -97922.09170   -121.14930     -97800.94240   -48900.47104   -48900.47137   -156.048903999      -77.927919818       -77.927920342       
0003           20.000            -97922.27351   -121.14359     -97801.12992   -48900.56438   -48900.56555   -156.049193734      -77.928068566       -77.928070428       
0004           30.000            -97922.40935   -120.98609     -97801.42327   -48900.71119   -48900.71208   -156.049410209      -77.928302526       -77.928303938       
0005           32.500            -97922.41455   -120.91946     -97801.49509   -48900.74714   -48900.74795   -156.049418491      -77.928359809       -77.928361109       
0006           35.000            -97922.40532   -120.83979     -97801.56553   -48900.78239   -48900.78314   -156.049403790      -77.928415986       -77.928417193       
0007           37.500            -97922.37867   -120.74852     -97801.63015   -48900.81472   -48900.81543   -156.049361323      -77.928467514       -77.928468646       
0008           40.000            -97922.33426   -120.64405     -97801.69021   -48900.84476   -48900.84544   -156.049290546      -77.928515390       -77.928516475       
0009           42.500            -97922.27115   -120.52414     -97801.74701   -48900.87318   -48900.87382   -156.049189974      -77.928560681       -77.928561701       
0010           45.000            -97922.18915   -120.39027     -97801.79887   -48900.89914   -48900.89974   -156.049059290      -77.928602037       -77.928602993       
0011           47.500            -97922.08852   -120.24164     -97801.84687   -48900.92315   -48900.92372   -156.048898929      -77.928640313       -77.928641215       
0012           50.000            -97921.96962   -120.07937     -97801.89025   -48900.94486   -48900.94539   -156.048709449      -77.928674900       -77.928675750       
0013           52.500            -97921.83326   -119.90422     -97801.92905   -48900.96427   -48900.96478   -156.048492157      -77.928705838       -77.928706642       
0014           55.000            -97921.68064   -119.71723     -97801.96340   -48900.98146   -48900.98194   -156.048248928      -77.928733234       -77.928733993       
0015           60.000            -97921.33294   -119.31333     -97802.01961   -48901.00959   -48901.01002   -156.047694833      -77.928778059       -77.928778743       
0016           70.000            -97920.52737   -118.43739     -97802.08999   -48901.04481   -48901.04518   -156.046411085      -77.928834186       -77.928834766       
0017           80.000            -97919.71088   -117.58998     -97802.12090   -48901.06029   -48901.06061   -156.045109919      -77.928858848       -77.928859371       
0018           90.000            -97919.06766   -116.93836     -97802.12929   -48901.06449   -48901.06481   -156.044084881      -77.928865542       -77.928866051       
0019           100.000           -97918.80645   -116.68596     -97802.12050   -48901.06008   -48901.06042   -156.043668622      -77.928858511       -77.928859062       
0020           110.000           -97919.11144   -117.01648     -97802.09496   -48901.04733   -48901.04763   -156.044154643      -77.928838192       -77.928838685       
0021           120.000           -97920.03636   -117.98507     -97802.05130   -48901.02567   -48901.02563   -156.045628611      -77.928803683       -77.928803615       
0022           130.000           -97921.39412   -119.41468     -97801.97944   -48900.98973   -48900.98971   -156.047792336      -77.928746411       -77.928746375       
0023           140.000           -97922.86357   -120.95620     -97801.90737   -48900.95368   -48900.95369   -156.050134054      -77.928688952       -77.928688979       
0024           150.000           -97924.18088   -122.32181     -97801.85907   -48900.92953   -48900.92954   -156.052233324      -77.928650473       -77.928650489       
0025           160.000           -97925.19580   -123.36496     -97801.83084   -48900.91538   -48900.91546   -156.053850702      -77.928627925       -77.928628047       
0026           170.000           -97925.80934   -124.02112     -97801.78821   -48900.89377   -48900.89445   -156.054828435      -77.928593480       -77.928594563       
0027           180.000           -97926.02340   -124.24233     -97801.78107   -48900.89019   -48900.89088   -156.055169571      -77.928587782       -77.928588881       
